R0 = 1.90497940e+01 = 19 Ohms
alpha = -7.67344555e-02 = -0.077
beta = 7.13145028e-04 (small)